7
9
9
10
10
10
11
15
16
16
16
17
17
18
18
18
18
18
18
18
18
19
19
20
20
20
21
21
21
21
21
21
21
21
22
22
22
22
22
22
22
23
23
23
23
23
24
24
24
24
24
24
24
24
25
25
25
26
26
26
26
26
26
26
27
27
27
27
27
27
27
27
27
28
28
28
28
29
29
29
29
29
29
29
30
30
30
30
30
31
31
31
31
32
32
32
32
32
33
33
33
33
33
33
33
33
33
34
34
34
34
34
34
34
35
35
35
35
35
35
35
35
35
35
35
35
35
35
35
35
36
36
36
36
36
36
36
36
36
36
36
36
36
37
37
37
37
37
37
38
38
38
38
38
38
38
38
38
38
38
38
38
38
39
39
40
40
40
40
40
40
40
40
40
41
41
41
41
42
42
42
42
42
42
42
42
42
42
43
43
43
43
43
43
44
44
44
44
44
45
45
45
45
45
45
45
45
45
45
46
46
46
46
46
46
46
46
46
47
47
47
47
47
47
47
48
48
48
48
48
48
48
48
48
48
48
48
49
49
49
50
50
50
50
50
50
50
50
51
51
51
51
51
51
52
52
52
52
52
53
53
53
53
53
53
53
53
54
54
54
55
55
55
55
55
55
55
55
55
55
55
55
56
56
56
56
56
56
56
56
56
56
57
57
57
57
57
57
58
58
58
58
58
58
58
58
58
58
58
59
59
59
59
59
59
59
59
60
60
60
60
60
60
60
60
61
61
61
61
61
61
62
62
62
62
62
63
63
63
63
63
63
63
63
63
63
63
63
63
64
64
64
64
65
65
65
65
65
65
65
65
65
65
65
65
66
66
66
66
66
66
66
67
67
67
67
67
67
67
67
68
68
68
68
68
68
68
68
68
68
68
69
69
69
69
69
70
70
70
70
70
70
70
71
71
71
71
71
72
72
72
73
73
73
73
73
73
73
73
73
74
74
74
74
74
74
74
74
74
74
75
75
75
75
75
75
76
76
76
76
77
77
77
78
78
78
78
78
78
78
79
79
79
79
79
79
80
80
80
80
81
81
81
81
81
81
81
81
81
82
82
82
83
83
83
83
83
83
83
83
83
84
85
85
85
85
85
85
85
85
86
86
86
86
87
87
87
87
87
87
88
88
88
88
88
88
88
88
89
89
89
89
89
89
89
89
89
90
90
90
90
90
90
91
91
91
92
92
92
92
92
92
92
93
93
93
93
93
93
93
94
94
94
94
94
94
95
95
95
95
95
96
96
96
97
97
97
97
97
97
97
97
97
97
97
98
98
98
98
99
99
99
99
99
99
100
100
100
100
100
101
101
101
101
101
101
101
102
102
102
102
102
102
103
103
103
103
103
103
104
104
105
105
105
105
105
106
107
107
108
108
108
108
108
108
108
109
109
109
109
109
109
109
109
109
109
110
110
110
110
111
111
112
112
112
112
112
113
113
113
113
114
114
114
114
115
116
116
116
117
117
117
117
118
118
118
118
118
119
119
120
120
120
121
122
122
122
122
122
123
123
124
124
124
124
124
124
125
125
125
125
125
125
126
126
126
127
127
127
127
127
128
128
128
128
128
129
129
130
130
130
130
131
131
131
132
133
134
134
135
135
135
136
136
136
137
137
137
137
138
138
138
138
139
140
140
140
140
142
142
142
143
144
144
144
145
145
145
145
146
147
147
147
147
148
148
149
149
150
150
150
150
150
150
150
150
151
152
152
152
153
153
153
153
155
155
156
156
156
158
158
159
159
159
160
160
160
161
161
161
162
162
162
162
163
163
164
164
164
165
166
166
166
166
167
167
167
167
168
169
170
170
170
171
171
171
171
171
172
172
172
173
175
175
175
176
176
177
179
179
180
180
180
180
181
181
181
183
183
183
183
184
185
185
186
187
187
188
188
189
189
190
191
193
194
194
195
195
196
196
197
197
197
198
198
199
200
200
202
203
203
203
203
205
206
207
207
208
208
208
208
211
211
211
212
214
215
216
216
216
216
217
217
218
219
219
219
220
222
226
226
226
229
231
232
233
233
234
235
235
235
235
236
236
236
238
239
240
241
241
242
244
248
249
249
250
250
251
252
252
254
254
255
256
256
258
259
259
262
264
266
270
270
271
271
273
276
277
277
277
278
279
280
281
282
282
283
283
286
287
288
290
290
291
291
291
291
292
294
294
294
294
295
295
297
298
300
301
304
305
306
310
310
314
315
316
320
320
322
322
324
325
325
325
326
328
329
330
330
331
331
332
333
333
337
339
339
342
343
347
352
353
353
354
366
367
367
367
369
370
371
372
374
374
375
376
380
383
385
387
387
388
397
398
399
399
404
406
407
409
410
413
418
419
421
421
426
428
429
433
437
438
455
456
456
459
463
468
472
481
486
494
497
503
512
514
515
521
522
523
539
544
558
567
584
607
638
641
642
655
670
678
692
694
699
703
706
716
718
723
768
811
811
831
834
838
838
849
854
857
864
873
874
877
878
882
907
956
992
993
1090
1130
1138
1184
1248
1250
1353
1383
1475
1566
1673
1840
1858
1980
2128
2191
2218
2391
3549
4208